E: 1357712716.923493 0003 003a 11
E: 1357712716.923494 0003 0030 58
E: 1357712716.923497 0003 0018 11
E: 1357712716.923498 0000 0000 0
